car: -0.128807197158, -3.60479049244, 0.0
kitchen: -1.59764209356, 4.02039740651, 0.0
