car:0.0,0.0,0.0
kitchen:0.444507284745,-0.635227870076,0.0
