car: -2.9847061759, 1.26245978671, 0.0
kitchen: -0.195725698132, 0.492580392116, 0.0